CRPIX1 =   675.500000
CRPIX2 =   -604.500000
CRVAL1 =   136.375292
CRVAL2 =   0.499464
CDELT1 =   -0.001389
CDELT2 =   0.001389
CTYPE1 =   'RA---TAN'
CTYPE2 =   'DEC--TAN'
